[25.78459017409559, 59.97726625802995, 69.09258294419276, 22.204975526284464, 27.627765518379444, 13.082125087191654, 24.79367540436126, 68.52744376575721]
[88.86296107958584, 79.18637079732977, 8.364131853502133, 17.21739811782449, 41.64409891522099, 86.0861718697649, 19.042083706014324, 80.13370056607276]
[25.78459017409559, 59.97726625802995, 69.09258294419276, 22.204975526284464, 27.627765518379444, 59.98406148162106, 47.07590897054057, 19.724589301871788]
[73.53883823978077, 23.913397441385687, 61.83680266821058, 62.930308662035, 42.317541779535595, 59.98406148162106, 47.07590897054057, 19.724589301871788]
[73.53883823978077, 23.913397441385687, 61.83680266821058, 62.930308662035, 42.317541779535595, 59.98406148162106, 47.07590897054057, 19.724589301871788]
[73.53883823978077, 23.913397441385687, 61.83680266821058, 62.930308662035, 42.317541779535595, 59.98406148162106, 47.07590897054057, 19.724589301871788]
[73.53883823978077, 23.913397441385687, 61.83680266821058, 62.930308662035, 42.317541779535595, 59.98406148162106, 47.07590897054057, 19.724589301871788]
[73.53883823978077, 23.913397441385687, 61.83680266821058, 62.930308662035, 42.317541779535595, 59.98406148162106, 47.07590897054057, 19.724589301871788]
[73.53883823978077, 23.913397441385687, 61.83680266821058, 62.930308662035, 42.317541779535595, 59.98406148162106, 47.07590897054057, 19.724589301871788]
[73.53883823978077, 23.913397441385687, 61.83680266821058, 62.930308662035, 42.317541779535595, 59.98406148162106, 47.07590897054057, 19.724589301871788]
[73.53883823978077, 23.913397441385687, 61.83680266821058, 62.930308662035, 42.317541779535595, 59.98406148162106, 47.07590897054057, 19.724589301871788]
[73.53883823978077, 23.913397441385687, 61.83680266821058, 62.930308662035, 42.317541779535595, 59.98406148162106, 47.07590897054057, 19.724589301871788]
[73.53883823978077, 23.913397441385687, 61.83680266821058, 62.930308662035, 42.317541779535595, 59.98406148162106, 47.07590897054057, 19.724589301871788]
[73.53883823978077, 23.913397441385687, 61.83680266821058, 62.930308662035, 42.317541779535595, 59.98406148162106, 47.07590897054057, 19.724589301871788]
[73.53883823978077, 23.913397441385687, 61.83680266821058, 62.930308662035, 42.317541779535595, 59.98406148162106, 47.07590897054057, 19.724589301871788]
[73.53883823978077, 23.913397441385687, 61.83680266821058, 62.930308662035, 42.317541779535595, 59.98406148162106, 47.07590897054057, 19.724589301871788]
[73.53883823978077, 23.913397441385687, 61.83680266821058, 62.930308662035, 42.317541779535595, 59.98406148162106, 47.07590897054057, 19.724589301871788]
[73.53883823978077, 23.913397441385687, 61.83680266821058, 62.930308662035, 42.317541779535595, 59.98406148162106, 47.07590897054057, 19.724589301871788]

Gen 0: [10.82680097026012, 88.6580940074576, 49.90767924688162, 86.1779106885559, 96.20402933346391, 33.78353814133915, 45.180844163997335, 17.088565531674615] | Fitness: 29
Gen 1: [23.489540061093084, 9.771261809223352, 14.609115765518233, 35.82213382182533, 88.94963198731591, 33.78353814133915, 45.180844163997335, 17.088565531674615] | Fitness: 48
Gen 2: [70.59303712922738, 76.91004499220043, 14.609115765518233, 35.82213382182533, 88.94963198731591, 75.19539794541124, 40.839966583315956, 55.4418385165941] | Fitness: 44
Gen 3: [70.59303712922738, 76.91004499220043, 14.609115765518233, 35.82213382182533, 88.94963198731591, 75.19539794541124, 40.839966583315956, 55.4418385165941] | Fitness: 46
Gen 4: [70.59303712922738, 76.91004499220043, 14.609115765518233, 35.82213382182533, 88.94963198731591, 62.205410986283695, 41.71878031746953, 85.87448186082771] | Fitness: 66
Gen 5: [70.59303712922738, 76.91004499220043, 14.609115765518233, 35.82213382182533, 46.19763187555361, 75.19539794541124, 40.839966583315956, 55.4418385165941] | Fitness: 53
Gen 6: [70.59303712922738, 33.37405639876214, 23.355154133031508, 95.57656684153041, 96.20402933346391, 23.562321054858103, 98.66176000133692, 83.41675795806043] | Fitness: 66
Gen 7: [70.59303712922738, 33.37405639876214, 23.355154133031508, 95.57656684153041, 96.20402933346391, 23.562321054858103, 98.66176000133692, 83.41675795806043] | Fitness: 75
Gen 8: [70.59303712922738, 76.91004499220043, 14.609115765518233, 35.82213382182533, 46.19763187555361, 75.19539794541124, 40.839966583315956, 83.41675795806043] | Fitness: 114
Gen 9: [70.59303712922738, 76.91004499220043, 14.609115765518233, 35.82213382182533, 46.19763187555361, 75.19539794541124, 40.839966583315956, 83.41675795806043] | Fitness: 309
Gen 10: [70.59303712922738, 76.91004499220043, 14.609115765518233, 35.82213382182533, 46.19763187555361, 75.19539794541124, 40.839966583315956, 83.41675795806043] | Fitness: 445
Gen 11: [70.59303712922738, 76.91004499220043, 14.609115765518233, 35.82213382182533, 46.19763187555361, 75.19539794541124, 40.839966583315956, 83.41675795806043] | Fitness: 472
Gen 12: [70.59303712922738, 76.91004499220043, 14.609115765518233, 35.82213382182533, 46.19763187555361, 75.19539794541124, 40.839966583315956, 83.41675795806043] | Fitness: 546
Gen 13: [70.59303712922738, 76.91004499220043, 14.609115765518233, 35.82213382182533, 46.19763187555361, 75.19539794541124, 40.839966583315956, 83.41675795806043] | Fitness: 462
Gen 14: [70.59303712922738, 76.91004499220043, 14.609115765518233, 35.82213382182533, 46.19763187555361, 75.19539794541124, 40.839966583315956, 83.41675795806043] | Fitness: 426
Gen 15: [70.59303712922738, 76.91004499220043, 14.609115765518233, 35.82213382182533, 46.19763187555361, 75.19539794541124, 40.839966583315956, 83.41675795806043] | Fitness: 457
Gen 16: [70.59303712922738, 76.91004499220043, 14.609115765518233, 35.82213382182533, 46.19763187555361, 75.19539794541124, 40.839966583315956, 83.41675795806043] | Fitness: 376
Gen 17: [70.59303712922738, 76.91004499220043, 14.609115765518233, 35.82213382182533, 46.19763187555361, 75.19539794541124, 40.839966583315956, 83.41675795806043] | Fitness: 463
Gen 18: [70.59303712922738, 76.91004499220043, 14.609115765518233, 35.82213382182533, 46.19763187555361, 75.19539794541124, 40.839966583315956, 83.41675795806043] | Fitness: 468
Gen 19: [70.59303712922738, 76.91004499220043, 14.609115765518233, 35.82213382182533, 46.19763187555361, 75.19539794541124, 40.839966583315956, 83.41675795806043] | Fitness: 471
Gen 20: [70.59303712922738, 76.91004499220043, 14.609115765518233, 35.82213382182533, 46.19763187555361, 75.19539794541124, 40.839966583315956, 83.41675795806043] | Fitness: 426
Gen 21: [70.59303712922738, 76.91004499220043, 14.609115765518233, 35.82213382182533, 46.19763187555361, 75.19539794541124, 40.839966583315956, 83.41675795806043] | Fitness: 522
Gen 22: [70.59303712922738, 76.91004499220043, 14.609115765518233, 35.82213382182533, 46.19763187555361, 75.19539794541124, 40.839966583315956, 83.41675795806043] | Fitness: 445
Gen 23: [70.59303712922738, 76.91004499220043, 14.609115765518233, 35.82213382182533, 46.19763187555361, 75.19539794541124, 40.839966583315956, 83.41675795806043] | Fitness: 412

Gen 0: [27.61025959774981, 4.279021683855754, 44.07488724373801, 98.4994965471664, 6.12970181017114, 34.81205318138654, 80.68199920791069, 34.93049249394241, 96.90330067201918, 4.713952478934836, 47.76150154391825, 44.41772036366852, 53.54237078951613, 25.4998364800467, 77.49847539215956, 14.455191025150816, 35.013495688518894, 22.267797715119965, 5.439853556601227, 50.78655672323277, 25.134639188342135, 24.428218096424104, 70.36846252866454, 92.2602818732813, FenixAction(start=(4, 0), end=(4, 1), removed=frozenset()), FenixAction(start=(5, 1), end=(5, 0), removed=frozenset()), FenixAction(start=(0, 0), end=(1, 0), removed=frozenset()), FenixAction(start=(4, 3), end=(4, 2), removed=frozenset()), FenixAction(start=(5, 2), end=(4, 2), removed=frozenset())] | Fitness: 8
Gen 0: [6.614511251168331, 31.82276291727335, 19.006630086980223, 34.58934620671261, 76.79391632525122, 86.31371861527386, 39.01502889296833, 2.8452180830098484, 59.89306340070012, 51.957037776658254, 42.42208232744499, 78.40463336884494, 4.581780628922072, 91.18776869526538, 10.610716945354703, 3.7546928527906087, 22.96470586769551, 40.70351800622238, 22.53202923048715, 55.82519099466779, 22.739150358215543, 67.31082808559493, 62.74458522588265, 39.27683400992634, FenixAction(start=(3, 1), end=(4, 1), removed=frozenset()), FenixAction(start=(5, 4), end=(5, 5), removed=frozenset()), FenixAction(start=(4, 3), end=(4, 4), removed=frozenset()), FenixAction(start=(2, 2), end=(3, 2), removed=frozenset()), FenixAction(start=(4, 2), end=(3, 2), removed=frozenset())] | Fitness: 8
